image: my_map2.pgm
resolution: 0.010000
origin: [-4.292669, -4.551349, 0.000000]
negate: 0
occupied_thresh: 0.65
free_thresh: 0.196

